kmer	kmer_behaviour	flk_dist	fwdk_gen_count	revk_gen_count	fwdk_0gen_prop	revk_0gen_prop	fwdk_1gen_prop	revk_1gen_prop	fwdk_0gen_count	revk_0gen_count	fwdk_1gen_count	revk_1gen_count	fwdk_0gen_med	fwdk_0gen_sd	revk_0gen_med	revk_0gen_sd	fwdk_1gen_med	fwdk_1gen_sd	revk_1gen_med	revk_1gen_sd
kmer1000	intactk_noN	NA	169	299	0.277	0.723	0.515	0.485	84	219	85	80	3083517	55332.5551871579	991957	22884.1710376128	3062550	9128.92215550601	991959.5	16857.4496380117
kmer1051	intactk_noN	NA	169	299	0.277	0.723	0.515	0.485	84	219	85	80	3083511	55332.5551871579	991963	22884.1710376128	3062544	9128.92215550601	991965.5	16857.4496380117
kmer1052	intactk_noN	NA	169	299	0.277	0.723	0.515	0.485	84	219	85	80	3083511	55332.5551871579	991963	22884.1710376128	3062544	9128.92215550601	991965.5	16857.4496380117
kmer1065	intactk_noN	NA	169	299	0.277	0.723	0.515	0.485	84	219	85	80	3083577	55332.5551871579	991897	22884.1710376128	3062610	9128.92215550601	991899.5	16857.4496380117
kmer1066	intactk_noN	NA	169	299	0.277	0.723	0.515	0.485	84	219	85	80	3083577	55332.5551871579	991897	22884.1710376128	3062610	9128.92215550601	991899.5	16857.4496380117
kmer1199	intactk_noN	NA	169	299	0.277	0.723	0.515	0.485	84	219	85	80	3083597	55332.5551871579	991876	22884.4489797564	3062630	9128.92215550601	991879.5	16857.4496380117
kmer1280	intactk_noN	NA	169	299	0.277	0.723	0.515	0.485	84	219	85	80	3083453	55332.5551871579	992021	22884.1710376128	3062486	9128.92215550601	992023.5	16857.4496380117
kmer1281	intactk_noN	NA	169	299	0.277	0.723	0.515	0.485	84	219	85	80	3083453	55332.5551871579	992021	22884.1710376128	3062486	9128.92215550601	992023.5	16857.4496380117
kmer1349	intactk_noN	NA	169	299	0.277	0.723	0.515	0.485	84	219	85	80	3083498	55332.5551871579	991976	22884.1710376128	3062531	9128.92215550601	991978.5	16857.4496380117
kmer1350	intactk_noN	NA	169	299	0.277	0.723	0.515	0.485	84	219	85	80	3083498	55332.5551871579	991976	22884.1710376128	3062531	9128.92215550601	991978.5	16857.4496380117
kmer1367	intactk_noN	NA	169	299	0.277	0.723	0.515	0.485	84	219	85	80	3083477	55332.5551871579	991997	22884.1710376128	3062510	9128.92215550601	991999.5	16857.4496380117
kmer1368	intactk_noN	NA	169	299	0.277	0.723	0.515	0.485	84	219	85	80	3083477	55332.5551871579	991997	22884.1710376128	3062510	9128.92215550601	991999.5	16857.4496380117
kmer1453	intactk_noN	NA	169	299	0.277	0.723	0.515	0.485	84	219	85	80	3083492	55332.5551871579	991982	22884.1710376128	3062525	9128.92215550601	991984.5	16857.4496380117
kmer1454	intactk_noN	NA	169	299	0.277	0.723	0.515	0.485	84	219	85	80	3083492	55332.5551871579	991982	22884.1710376128	3062525	9128.92215550601	991984.5	16857.4496380117
kmer1458	intactk_noN	NA	169	299	0.277	0.723	0.515	0.485	84	219	85	80	3083507	55332.5551871579	991967	22884.1710376128	3062540	9128.92215550601	991969.5	16857.4496380117
kmer1459	intactk_noN	NA	169	299	0.277	0.723	0.515	0.485	84	219	85	80	3083507	55332.5551871579	991967	22884.1710376128	3062540	9128.92215550601	991969.5	16857.4496380117
kmer1656	intactk_noN	NA	169	299	0.277	0.723	0.515	0.485	84	219	85	80	3083459	55332.5551871579	992015	22884.1710376128	3062492	9128.92215550601	992017.5	16857.4496380117
kmer1657	intactk_noN	NA	169	299	0.277	0.723	0.515	0.485	84	219	85	80	3083459	55332.5551871579	992015	22884.1710376128	3062492	9128.92215550601	992017.5	16857.4496380117
kmer166	intactk_noN	NA	169	299	0.277	0.723	0.515	0.485	84	219	85	80	3083537	55332.5551871579	991937	22884.1710376128	3062570	9128.92215550601	991939.5	16857.4496380117
kmer178	intactk_noN	NA	169	299	0.277	0.723	0.515	0.485	84	219	85	80	3083516	55332.5551871579	991958	22884.1710376128	3062549	9128.92215550601	991960.5	16857.4496380117
kmer179	intactk_noN	NA	169	299	0.277	0.723	0.515	0.485	84	219	85	80	3083516	55332.5551871579	991958	22884.1710376128	3062549	9128.92215550601	991960.5	16857.4496380117
kmer1803	intactk_noN	NA	169	299	0.277	0.723	0.515	0.485	84	219	85	80	3083515	55332.5551871579	991959	22884.1710376128	3062548	9128.92215550601	991961.5	16857.4496380117
kmer1804	intactk_noN	NA	169	299	0.277	0.723	0.515	0.485	84	219	85	80	3083515	55332.5551871579	991959	22884.1710376128	3062548	9128.92215550601	991961.5	16857.4496380117
kmer1882	intactk_noN	NA	169	299	0.277	0.723	0.515	0.485	84	219	85	80	3083566	55332.5551871579	991908	22884.1710376128	3062599	9128.92215550601	991910.5	16857.4496380117
kmer1883	intactk_noN	NA	169	299	0.277	0.723	0.515	0.485	84	219	85	80	3083566	55332.5551871579	991908	22884.1710376128	3062599	9128.92215550601	991910.5	16857.4496380117
kmer1917	intactk_noN	NA	169	299	0.277	0.723	0.515	0.485	84	219	85	80	3083533	55332.5551871579	991941	22884.1710376128	3062566	9128.92215550601	991943.5	16857.4496380117
kmer1991	intactk_noN	NA	169	299	0.277	0.723	0.515	0.485	84	219	85	80	3083576	55332.5551871579	991898	22884.1710376128	3062609	9128.92215550601	991900.5	16857.4496380117
kmer1992	intactk_noN	NA	169	299	0.277	0.723	0.515	0.485	84	219	85	80	3083576	55332.5551871579	991898	22884.1710376128	3062609	9128.92215550601	991900.5	16857.4496380117
kmer2034	intactk_noN	NA	169	299	0.277	0.723	0.515	0.485	84	219	85	80	3083596	55332.5551871579	991877	22884.4688704619	3062629	9128.92215550601	991880.5	16857.4496380117
kmer2112	intactk_noN	NA	169	299	0.277	0.723	0.515	0.485	84	219	85	80	3083491	55332.5551871579	991983	22884.1710376128	3062524	9128.92215550601	991985.5	16857.4496380117
kmer2113	intactk_noN	NA	169	299	0.277	0.723	0.515	0.485	84	219	85	80	3083491	55332.5551871579	991983	22884.1710376128	3062524	9128.92215550601	991985.5	16857.4496380117
kmer2297	intactk_noN	NA	169	299	0.277	0.723	0.515	0.485	84	219	85	80	3083575	55332.5551871579	991899	22884.1710376128	3062608	9128.92215550601	991901.5	16857.4496380117
kmer2298	intactk_noN	NA	169	299	0.277	0.723	0.515	0.485	84	219	85	80	3083575	55332.5551871579	991899	22884.1710376128	3062608	9128.92215550601	991901.5	16857.4496380117
kmer2333	intactk_noN	NA	169	299	0.277	0.723	0.515	0.485	84	219	85	80	3083490	55332.5551871579	991984	22884.1710376128	3062523	9128.92215550601	991986.5	16857.4496380117
kmer2334	intactk_noN	NA	169	299	0.277	0.723	0.515	0.485	84	219	85	80	3083490	55332.5551871579	991984	22884.1710376128	3062523	9128.92215550601	991986.5	16857.4496380117
kmer2470	intactk_noN	NA	169	299	0.277	0.723	0.515	0.485	84	219	85	80	3083580	55332.5551871579	991894	22884.1710376128	3062613	9128.92215550601	991896.5	16857.4496380117
kmer2471	intactk_noN	NA	169	299	0.277	0.723	0.515	0.485	84	219	85	80	3083580	55332.5551871579	991894	22884.1710376128	3062613	9128.92215550601	991896.5	16857.4496380117
kmer2601	intactk_noN	NA	169	299	0.277	0.723	0.515	0.485	84	219	85	80	3083461	55332.5551871579	992013	22884.1710376128	3062494	9128.92215550601	992015.5	16857.4496380117
kmer2618	intactk_noN	NA	169	299	0.277	0.723	0.515	0.485	84	219	85	80	3083568	55332.5551871579	991906	22884.1710376128	3062601	9128.92215550601	991908.5	16857.4496380117
kmer2619	intactk_noN	NA	169	299	0.277	0.723	0.515	0.485	84	219	85	80	3083568	55332.5551871579	991906	22884.1710376128	3062601	9128.92215550601	991908.5	16857.4496380117
kmer2621	intactk_noN	NA	169	299	0.277	0.723	0.515	0.485	84	219	85	80	3083560	55332.5551871579	991914	22884.1710376128	3062593	9128.92215550601	991916.5	16857.4496380117
kmer2622	intactk_noN	NA	169	299	0.277	0.723	0.515	0.485	84	219	85	80	3083560	55332.5551871579	991914	22884.1710376128	3062593	9128.92215550601	991916.5	16857.4496380117
kmer2642	intactk_noN	NA	169	299	0.277	0.723	0.515	0.485	84	219	85	80	3083550	55332.5551871579	991924	22884.1710376128	3062583	9128.92215550601	991926.5	16857.4496380117
kmer2643	intactk_noN	NA	169	299	0.277	0.723	0.515	0.485	84	219	85	80	3083550	55332.5551871579	991924	22884.1710376128	3062583	9128.92215550601	991926.5	16857.4496380117
kmer2645	intactk_noN	NA	169	299	0.277	0.723	0.515	0.485	84	219	85	80	3083442	55332.5551871579	992032	22884.1710376128	3062475	9128.92215550601	992034.5	16857.4496380117
kmer2646	intactk_noN	NA	169	299	0.277	0.723	0.515	0.485	84	219	85	80	3083442	55332.5551871579	992032	22884.1710376128	3062475	9128.92215550601	992034.5	16857.4496380117
kmer2659	intactk_noN	NA	169	299	0.277	0.723	0.515	0.485	84	219	85	80	3083464	55332.5551871579	992010	22884.1710376128	3062497	9128.92215550601	992012.5	16857.4496380117
kmer2697	intactk_noN	NA	169	299	0.277	0.723	0.515	0.485	84	219	85	80	3083521	55332.5551871579	991953	22884.1710376128	3062554	9128.92215550601	991955.5	16857.4496380117
kmer2750	intactk_noN	NA	169	299	0.277	0.723	0.515	0.485	84	219	85	80	3083599	55332.5551871579	991874	22884.4092134235	3062632	9128.92215550601	991877.5	16857.4496380117
kmer2777	intactk_noN	NA	169	299	0.277	0.723	0.515	0.485	84	219	85	80	3083485	55332.5551871579	991989	22884.1710376128	3062518	9128.92215550601	991991.5	16857.4496380117
kmer2802	intactk_noN	NA	169	299	0.277	0.723	0.515	0.485	84	219	85	80	3083581	55332.5551871579	991893	22884.1710376128	3062614	9128.92215550601	991895.5	16857.4496380117
kmer2803	intactk_noN	NA	169	299	0.277	0.723	0.515	0.485	84	219	85	80	3083581	55332.5551871579	991893	22884.1710376128	3062614	9128.92215550601	991895.5	16857.4496380117
kmer2840	intactk_noN	NA	169	299	0.277	0.723	0.515	0.485	84	219	85	80	3083429	55332.5551871579	992045	22884.1710376128	3062462	9128.92215550601	992047.5	16857.4496380117
kmer2972	intactk_noN	NA	169	299	0.277	0.723	0.515	0.485	84	219	85	80	3083571	55332.5551871579	991903	22884.1710376128	3062604	9128.92215550601	991905.5	16857.4496380117
kmer2973	intactk_noN	NA	169	299	0.277	0.723	0.515	0.485	84	219	85	80	3083571	55332.5551871579	991903	22884.1710376128	3062604	9128.92215550601	991905.5	16857.4496380117
kmer2977	intactk_noN	NA	169	299	0.277	0.723	0.515	0.485	84	219	85	80	3083535	55332.5551871579	991939	22884.1710376128	3062568	9128.92215550601	991941.5	16857.4496380117
kmer2989	intactk_noN	NA	169	299	0.277	0.723	0.515	0.485	84	219	85	80	3083563	55332.5551871579	991911	22884.1710376128	3062596	9128.92215550601	991913.5	16857.4496380117
kmer3091	intactk_noN	NA	169	299	0.277	0.723	0.515	0.485	84	219	85	80	3083451	55332.5551871579	992023	22884.1710376128	3062484	9128.92215550601	992025.5	16857.4496380117
kmer3092	intactk_noN	NA	169	299	0.277	0.723	0.515	0.485	84	219	85	80	3083451	55332.5551871579	992023	22884.1710376128	3062484	9128.92215550601	992025.5	16857.4496380117
kmer3100	intactk_noN	NA	169	299	0.277	0.723	0.515	0.485	84	219	85	80	3083475	55332.5551871579	991999	22884.1710376128	3062508	9128.92215550601	992001.5	16857.4496380117
kmer3101	intactk_noN	NA	169	299	0.277	0.723	0.515	0.485	84	219	85	80	3083475	55332.5551871579	991999	22884.1710376128	3062508	9128.92215550601	992001.5	16857.4496380117
kmer3239	intactk_noN	NA	169	299	0.277	0.723	0.515	0.485	84	219	85	80	3083462	55332.5551871579	992012	22884.1710376128	3062495	9128.92215550601	992014.5	16857.4496380117
kmer3277	intactk_noN	NA	169	299	0.277	0.723	0.515	0.485	84	219	85	80	3083569	55332.5551871579	991905	22884.1710376128	3062602	9128.92215550601	991907.5	16857.4496380117
kmer3279	intactk_noN	NA	169	299	0.277	0.723	0.515	0.485	84	219	85	80	3083561	55332.5551871579	991913	22884.1710376128	3062594	9128.92215550601	991915.5	16857.4496380117
kmer3280	intactk_noN	NA	169	299	0.277	0.723	0.515	0.485	84	219	85	80	3083561	55332.5551871579	991913	22884.1710376128	3062594	9128.92215550601	991915.5	16857.4496380117
kmer3294	intactk_noN	NA	169	299	0.277	0.723	0.515	0.485	84	219	85	80	3083473	55332.5551871579	992001	22884.1710376128	3062506	9128.92215550601	992003.5	16857.4496380117
kmer3295	intactk_noN	NA	169	299	0.277	0.723	0.515	0.485	84	219	85	80	3083473	55332.5551871579	992001	22884.1710376128	3062506	9128.92215550601	992003.5	16857.4496380117
kmer3337	intactk_noN	NA	169	299	0.277	0.723	0.515	0.485	84	219	85	80	3083551	55332.5551871579	991923	22884.1710376128	3062584	9128.92215550601	991925.5	16857.4496380117
kmer3344	intactk_noN	NA	169	299	0.277	0.723	0.515	0.485	84	219	85	80	3083443	55332.5551871579	992031	22884.1710376128	3062476	9128.92215550601	992033.5	16857.4496380117
kmer3345	intactk_noN	NA	169	299	0.277	0.723	0.515	0.485	84	219	85	80	3083443	55332.5551871579	992031	22884.1710376128	3062476	9128.92215550601	992033.5	16857.4496380117
kmer3388	intactk_noN	NA	169	299	0.277	0.723	0.515	0.485	84	219	85	80	3083465	55332.5551871579	992009	22884.1710376128	3062498	9128.92215550601	992011.5	16857.4496380117
kmer3404	intactk_noN	NA	169	299	0.277	0.723	0.515	0.485	84	219	85	80	3083445	55332.5551871579	992029	22884.1710376128	3062478	9128.92215550601	992031.5	16857.4496380117
kmer3405	intactk_noN	NA	169	299	0.277	0.723	0.515	0.485	84	219	85	80	3083445	55332.5551871579	992029	22884.1710376128	3062478	9128.92215550601	992031.5	16857.4496380117
kmer3408	intactk_noN	NA	169	299	0.277	0.723	0.515	0.485	84	219	85	80	3083433	55332.5551871579	992041	22884.1710376128	3062466	9128.92215550601	992043.5	16857.4496380117
kmer3453	intactk_noN	NA	169	299	0.277	0.723	0.515	0.485	84	219	85	80	3083555	55332.5551871579	991919	22884.1710376128	3062588	9128.92215550601	991921.5	16857.4496380117
kmer3454	intactk_noN	NA	169	299	0.277	0.723	0.515	0.485	84	219	85	80	3083555	55332.5551871579	991919	22884.1710376128	3062588	9128.92215550601	991921.5	16857.4496380117
kmer3486	intactk_noN	NA	169	299	0.277	0.723	0.515	0.485	84	219	85	80	3083522	55332.5551871579	991952	22884.1710376128	3062555	9128.92215550601	991954.5	16857.4496380117
kmer3487	intactk_noN	NA	169	299	0.277	0.723	0.515	0.485	84	219	85	80	3083522	55332.5551871579	991952	22884.1710376128	3062555	9128.92215550601	991954.5	16857.4496380117
kmer353	intactk_noN	NA	169	299	0.277	0.723	0.515	0.485	84	219	85	80	3083514	55332.5551871579	991960	22884.1710376128	3062547	9128.92215550601	991962.5	16857.4496380117
kmer354	intactk_noN	NA	169	299	0.277	0.723	0.515	0.485	84	219	85	80	3083514	55332.5551871579	991960	22884.1710376128	3062547	9128.92215550601	991962.5	16857.4496380117
kmer3592	intactk_noN	NA	169	299	0.277	0.723	0.515	0.485	84	219	85	80	3083439	55332.5551871579	992035	22884.1710376128	3062472	9128.92215550601	992037.5	16857.4496380117
kmer3606	intactk_noN	NA	169	299	0.277	0.723	0.515	0.485	84	219	85	80	3083426	55332.5551871579	992048	22884.1710376128	3062459	9128.92215550601	992050.5	16857.4496380117
kmer3639	intactk_noN	NA	169	299	0.277	0.723	0.515	0.485	84	219	85	80	3083589	55332.5551871579	991885	22884.1710376128	3062622	9128.92215550601	991887.5	16857.4496380117
kmer3640	intactk_noN	NA	169	299	0.277	0.723	0.515	0.485	84	219	85	80	3083589	55332.5551871579	991885	22884.1710376128	3062622	9128.92215550601	991887.5	16857.4496380117
kmer3659	intactk_noN	NA	169	299	0.277	0.723	0.515	0.485	84	219	85	80	3083467	55332.5551871579	992007	22884.1710376128	3062500	9128.92215550601	992009.5	16857.4496380117
kmer3660	intactk_noN	NA	169	299	0.277	0.723	0.515	0.485	84	219	85	80	3083467	55332.5551871579	992007	22884.1710376128	3062500	9128.92215550601	992009.5	16857.4496380117
kmer367	intactk_noN	NA	169	299	0.277	0.723	0.515	0.485	84	219	85	80	3083565	55332.5551871579	991909	22884.1710376128	3062598	9128.92215550601	991911.5	16857.4496380117
kmer368	intactk_noN	NA	169	299	0.277	0.723	0.515	0.485	84	219	85	80	3083565	55332.5551871579	991909	22884.1710376128	3062598	9128.92215550601	991911.5	16857.4496380117
kmer3698	intactk_noN	NA	169	299	0.277	0.723	0.515	0.485	84	219	85	80	3083592	55332.5551871579	991882	22884.1710376128	3062625	9128.92215550601	991884.5	16857.4496380117
kmer3700	intactk_noN	NA	169	299	0.277	0.723	0.515	0.485	84	219	85	80	3083486	55332.5551871579	991988	22884.1710376128	3062519	9128.92215550601	991990.5	16857.4496380117
kmer3701	intactk_noN	NA	169	299	0.277	0.723	0.515	0.485	84	219	85	80	3083486	55332.5551871579	991988	22884.1710376128	3062519	9128.92215550601	991990.5	16857.4496380117
kmer3707	intactk_noN	NA	169	299	0.277	0.723	0.515	0.485	84	219	85	80	3083603	55332.5551871579	991870	22884.3297410696	3062636	9128.92215550601	991873.5	16857.4496380117
kmer3748	intactk_noN	NA	169	299	0.277	0.723	0.515	0.485	84	219	85	80	3083542	55332.5551871579	991932	22884.1710376128	3062575	9128.92215550601	991934.5	16857.4496380117
kmer376	intactk_noN	NA	169	299	0.277	0.723	0.515	0.485	84	219	85	80	3083532	55332.5551871579	991942	22884.1710376128	3062565	9128.92215550601	991944.5	16857.4496380117
kmer3769	intactk_noN	NA	169	299	0.277	0.723	0.515	0.485	84	219	85	80	3083455	55332.5551871579	992019	22884.1710376128	3062488	9128.92215550601	992021.5	16857.4496380117
kmer3779	intactk_noN	NA	169	299	0.277	0.723	0.515	0.485	84	219	85	80	3083447	55332.5551871579	992027	22884.1710376128	3062480	9128.92215550601	992029.5	16857.4496380117
kmer3780	intactk_noN	NA	169	299	0.277	0.723	0.515	0.485	84	219	85	80	3083447	55332.5551871579	992027	22884.1710376128	3062480	9128.92215550601	992029.5	16857.4496380117
kmer3794	intactk_noN	NA	169	299	0.277	0.723	0.515	0.485	84	219	85	80	3083582	55332.5551871579	991892	22884.1710376128	3062615	9128.92215550601	991894.5	16857.4496380117
kmer3891	intactk_noN	NA	169	299	0.277	0.723	0.515	0.485	84	219	85	80	3083586	55332.5551871579	991888	22884.1710376128	3062619	9128.92215550601	991890.5	16857.4496380117
kmer4009	intactk_noN	NA	169	299	0.277	0.723	0.515	0.485	84	219	85	80	3083530	55332.5551871579	991944	22884.1710376128	3062563	9128.92215550601	991946.5	16857.4496380117
kmer4018	intactk_noN	NA	169	299	0.277	0.723	0.515	0.485	84	219	85	80	3083557	55332.5551871579	991917	22884.1710376128	3062590	9128.92215550601	991919.5	16857.4496380117
kmer4019	intactk_noN	NA	169	299	0.277	0.723	0.515	0.485	84	219	85	80	3083557	55332.5551871579	991917	22884.1710376128	3062590	9128.92215550601	991919.5	16857.4496380117
kmer4026	intactk_noN	NA	169	299	0.277	0.723	0.515	0.485	84	219	85	80	3083470	55332.5551871579	992004	22884.1710376128	3062503	9128.92215550601	992006.5	16857.4496380117
kmer4032	intactk_noN	NA	169	299	0.277	0.723	0.515	0.485	84	219	85	80	3083539	55332.5551871579	991935	22884.1710376128	3062572	9128.92215550601	991937.5	16857.4496380117
kmer4064	intactk_noN	NA	169	299	0.277	0.723	0.515	0.485	84	219	85	80	3083505	55332.5551871579	991969	22884.1710376128	3062538	9128.92215550601	991971.5	16857.4496380117
kmer4167	intactk_noN	NA	169	299	0.277	0.723	0.515	0.485	84	219	85	80	3083518	55332.5551871579	991956	22884.1710376128	3062551	9128.92215550601	991958.5	16857.4496380117
kmer4226	intactk_noN	NA	169	299	0.277	0.723	0.515	0.485	84	219	85	80	3083524	55332.5551871579	991950	22884.1710376128	3062557	9128.92215550601	991952.5	16857.4496380117
kmer4314	intactk_noN	NA	169	299	0.277	0.723	0.515	0.485	84	219	85	80	3083512	55332.5551871579	991962	22884.1710376128	3062545	9128.92215550601	991964.5	16857.4496380117
kmer4318	intactk_noN	NA	169	299	0.277	0.723	0.515	0.485	84	219	85	80	3083572	55332.5551871579	991902	22884.1710376128	3062605	9128.92215550601	991904.5	16857.4496380117
kmer450	intactk_noN	NA	169	299	0.277	0.723	0.515	0.485	84	219	85	80	3083574	55332.5551871579	991900	22884.1710376128	3062607	9128.92215550601	991902.5	16857.4496380117
kmer451	intactk_noN	NA	169	299	0.277	0.723	0.515	0.485	84	219	85	80	3083574	55332.5551871579	991900	22884.1710376128	3062607	9128.92215550601	991902.5	16857.4496380117
kmer4523	intactk_noN	NA	169	299	0.277	0.723	0.515	0.485	84	219	85	80	3083452	55332.5551871579	992022	22884.1710376128	3062485	9128.92215550601	992024.5	16857.4496380117
kmer4533	intactk_noN	NA	169	299	0.277	0.723	0.515	0.485	84	219	85	80	3083476	55332.5551871579	991998	22884.1710376128	3062509	9128.92215550601	992000.5	16857.4496380117
kmer4534	intactk_noN	NA	169	299	0.277	0.723	0.515	0.485	84	219	85	80	3083476	55332.5551871579	991998	22884.1710376128	3062509	9128.92215550601	992000.5	16857.4496380117
kmer4708	intactk_noN	NA	169	299	0.277	0.723	0.515	0.485	84	219	85	80	3083489	55332.5551871579	991985	22884.1710376128	3062522	9128.92215550601	991987.5	16857.4496380117
kmer4709	intactk_noN	NA	169	299	0.277	0.723	0.515	0.485	84	219	85	80	3083489	55332.5551871579	991985	22884.1710376128	3062522	9128.92215550601	991987.5	16857.4496380117
kmer4781	intactk_noN	NA	169	299	0.277	0.723	0.515	0.485	84	219	85	80	3083441	55332.5551871579	992033	22884.1710376128	3062474	9128.92215550601	992035.5	16857.4496380117
kmer4793	intactk_noN	NA	169	299	0.277	0.723	0.515	0.485	84	219	85	80	3083520	55332.5551871579	991954	22884.1710376128	3062553	9128.92215550601	991956.5	16857.4496380117
kmer4813	intactk_noN	NA	169	299	0.277	0.723	0.515	0.485	84	219	85	80	3083484	55332.5551871579	991990	22884.1710376128	3062517	9128.92215550601	991992.5	16857.4496380117
kmer4828	intactk_noN	NA	169	299	0.277	0.723	0.515	0.485	84	219	85	80	3083428	55332.5551871579	992046	22884.1710376128	3062461	9128.92215550601	992048.5	16857.4496380117
kmer4862	intactk_noN	NA	169	299	0.277	0.723	0.515	0.485	84	219	85	80	3083570	55332.5551871579	991904	22884.1710376128	3062603	9128.92215550601	991906.5	16857.4496380117
kmer4863	intactk_noN	NA	169	299	0.277	0.723	0.515	0.485	84	219	85	80	3083570	55332.5551871579	991904	22884.1710376128	3062603	9128.92215550601	991906.5	16857.4496380117
kmer4869	intactk_noN	NA	169	299	0.277	0.723	0.515	0.485	84	219	85	80	3083562	55332.5551871579	991912	22884.1710376128	3062595	9128.92215550601	991914.5	16857.4496380117
kmer4892	intactk_noN	NA	169	299	0.277	0.723	0.515	0.485	84	219	85	80	3083474	55332.5551871579	992000	22884.1710376128	3062507	9128.92215550601	992002.5	16857.4496380117
kmer4946	intactk_noN	NA	169	299	0.277	0.723	0.515	0.485	84	219	85	80	3083552	55332.5551871579	991922	22884.1710376128	3062585	9128.92215550601	991924.5	16857.4496380117
kmer4954	intactk_noN	NA	169	299	0.277	0.723	0.515	0.485	84	219	85	80	3083444	55332.5551871579	992030	22884.1710376128	3062477	9128.92215550601	992032.5	16857.4496380117
kmer4955	intactk_noN	NA	169	299	0.277	0.723	0.515	0.485	84	219	85	80	3083444	55332.5551871579	992030	22884.1710376128	3062477	9128.92215550601	992032.5	16857.4496380117
kmer4965	intactk_noN	NA	169	299	0.277	0.723	0.515	0.485	84	219	85	80	3083554	55332.5551871579	991920	22884.1710376128	3062587	9128.92215550601	991922.5	16857.4496380117
kmer5015	intactk_noN	NA	169	299	0.277	0.723	0.515	0.485	84	219	85	80	3083466	55332.5551871579	992008	22884.1710376128	3062499	9128.92215550601	992010.5	16857.4496380117
kmer502	intactk_noN	NA	169	299	0.277	0.723	0.515	0.485	84	219	85	80	3083579	55332.5551871579	991895	22884.1710376128	3062612	9128.92215550601	991897.5	16857.4496380117
kmer5028	intactk_noN	NA	169	299	0.277	0.723	0.515	0.485	84	219	85	80	3083591	55332.5551871579	991883	22884.1710376128	3062624	9128.92215550601	991885.5	16857.4496380117
kmer503	intactk_noN	NA	169	299	0.277	0.723	0.515	0.485	84	219	85	80	3083579	55332.5551871579	991895	22884.1710376128	3062612	9128.92215550601	991897.5	16857.4496380117
kmer5044	intactk_noN	NA	169	299	0.277	0.723	0.515	0.485	84	219	85	80	3083454	55332.5551871579	992020	22884.1710376128	3062487	9128.92215550601	992022.5	16857.4496380117
kmer5093	intactk_noN	NA	169	299	0.277	0.723	0.515	0.485	84	219	85	80	3083529	55332.5551871579	991945	22884.1710376128	3062562	9128.92215550601	991947.5	16857.4496380117
kmer5094	intactk_noN	NA	169	299	0.277	0.723	0.515	0.485	84	219	85	80	3083529	55332.5551871579	991945	22884.1710376128	3062562	9128.92215550601	991947.5	16857.4496380117
kmer5099	intactk_noN	NA	169	299	0.277	0.723	0.515	0.485	84	219	85	80	3083556	55332.5551871579	991918	22884.1710376128	3062589	9128.92215550601	991920.5	16857.4496380117
kmer5103	intactk_noN	NA	169	299	0.277	0.723	0.515	0.485	84	219	85	80	3083469	55332.5551871579	992005	22884.1710376128	3062502	9128.92215550601	992007.5	16857.4496380117
kmer5164	intactk_noN	NA	169	299	0.277	0.723	0.515	0.485	84	219	85	80	3083499	55332.5551871579	991975	22884.1710376128	3062532	9128.92215550601	991977.5	16857.4496380117
kmer5165	intactk_noN	NA	169	299	0.277	0.723	0.515	0.485	84	219	85	80	3083499	55332.5551871579	991975	22884.1710376128	3062532	9128.92215550601	991977.5	16857.4496380117
kmer5166	intactk_noN	NA	169	299	0.277	0.723	0.515	0.485	84	219	85	80	3083523	55332.5551871579	991951	22884.1710376128	3062556	9128.92215550601	991953.5	16857.4496380117
kmer5191	intactk_noN	NA	169	299	0.277	0.723	0.515	0.485	84	219	85	80	3083478	55332.5551871579	991996	22884.1710376128	3062511	9128.92215550601	991998.5	16857.4496380117
kmer5274	intactk_noN	NA	169	299	0.277	0.723	0.515	0.485	84	219	85	80	3083488	55332.5551871579	991986	22884.1710376128	3062521	9128.92215550601	991988.5	16857.4496380117
kmer5359	intactk_noN	NA	169	299	0.277	0.723	0.515	0.485	84	219	85	80	3083468	55332.5551871579	992006	22884.1710376128	3062501	9128.92215550601	992008.5	16857.4496380117
kmer5383	intactk_noN	NA	169	299	0.277	0.723	0.515	0.485	84	219	85	80	3083593	55332.5551871579	991881	22884.1710376128	3062626	9128.92215550601	991883.5	16857.4496380117
kmer5385	intactk_noN	NA	169	299	0.277	0.723	0.515	0.485	84	219	85	80	3083487	55332.5551871579	991987	22884.1710376128	3062520	9128.92215550601	991989.5	16857.4496380117
kmer5386	intactk_noN	NA	169	299	0.277	0.723	0.515	0.485	84	219	85	80	3083487	55332.5551871579	991987	22884.1710376128	3062520	9128.92215550601	991989.5	16857.4496380117
kmer540	intactk_noN	NA	169	299	0.277	0.723	0.515	0.485	84	219	85	80	3083567	55332.5551871579	991907	22884.1710376128	3062600	9128.92215550601	991909.5	16857.4496380117
kmer541	intactk_noN	NA	169	299	0.277	0.723	0.515	0.485	84	219	85	80	3083567	55332.5551871579	991907	22884.1710376128	3062600	9128.92215550601	991909.5	16857.4496380117
kmer542	intactk_noN	NA	169	299	0.277	0.723	0.515	0.485	84	219	85	80	3083559	55332.5551871579	991915	22884.1710376128	3062592	9128.92215550601	991917.5	16857.4496380117
kmer5427	intactk_noN	NA	169	299	0.277	0.723	0.515	0.485	84	219	85	80	3083493	55332.5551871579	991981	22884.1710376128	3062526	9128.92215550601	991983.5	16857.4496380117
kmer543	intactk_noN	NA	169	299	0.277	0.723	0.515	0.485	84	219	85	80	3083559	55332.5551871579	991915	22884.1710376128	3062592	9128.92215550601	991917.5	16857.4496380117
kmer5438	intactk_noN	NA	169	299	0.277	0.723	0.515	0.485	84	219	85	80	3083456	55332.5551871579	992018	22884.1710376128	3062489	9128.92215550601	992020.5	16857.4496380117
kmer5471	intactk_noN	NA	169	299	0.277	0.723	0.515	0.485	84	219	85	80	3083526	55332.5551871579	991948	22884.1710376128	3062559	9128.92215550601	991950.5	16857.4496380117
kmer5499	intactk_noN	NA	169	299	0.277	0.723	0.515	0.485	84	219	85	80	3083509	55332.5551871579	991965	22884.1710376128	3062542	9128.92215550601	991967.5	16857.4496380117
kmer5544	intactk_noN	NA	169	299	0.277	0.723	0.515	0.485	84	219	85	80	3083449	55332.5551871579	992025	22884.1710376128	3062482	9128.92215550601	992027.5	16857.4496380117
kmer5551	intactk_noN	NA	169	299	0.277	0.723	0.515	0.485	84	219	85	80	3083431	55332.5551871579	992043	22884.1710376128	3062464	9128.92215550601	992045.5	16857.4496380117
kmer5577	intactk_noN	NA	169	299	0.277	0.723	0.515	0.485	84	219	85	80	3083482	55332.5551871579	991992	22884.1710376128	3062515	9128.92215550601	991994.5	16857.4496380117
kmer5585	intactk_noN	NA	169	299	0.277	0.723	0.515	0.485	84	219	85	80	3083527	55332.5551871579	991947	22884.1710376128	3062560	9128.92215550601	991949.5	16857.4496380117
kmer5751	intactk_noN	NA	169	299	0.277	0.723	0.515	0.485	84	219	85	80	3083546	55332.5551871579	991928	22884.1710376128	3062579	9128.92215550601	991930.5	16857.4496380117
kmer5756	intactk_noN	NA	169	299	0.277	0.723	0.515	0.485	84	219	85	80	3083504	55332.5551871579	991970	22884.1710376128	3062537	9128.92215550601	991972.5	16857.4496380117
kmer5772	intactk_noN	NA	169	299	0.277	0.723	0.515	0.485	84	219	85	80	3083483	55332.5551871579	991991	22884.1710376128	3062516	9128.92215550601	991993.5	16857.4496380117
kmer65	intactk_noN	NA	169	299	0.277	0.723	0.515	0.485	84	219	85	80	3083513	55332.5551871579	991961	22884.1710376128	3062546	9128.92215550601	991963.5	16857.4496380117
kmer66	intactk_noN	NA	169	299	0.277	0.723	0.515	0.485	84	219	85	80	3083513	55332.5551871579	991961	22884.1710376128	3062546	9128.92215550601	991963.5	16857.4496380117
kmer671	intactk_noN	NA	169	299	0.277	0.723	0.515	0.485	84	219	85	80	3083534	55332.5551871579	991940	22884.1710376128	3062567	9128.92215550601	991942.5	16857.4496380117
kmer767	intactk_noN	NA	169	299	0.277	0.723	0.515	0.485	84	219	85	80	3083472	55332.5551871579	992002	22884.1710376128	3062505	9128.92215550601	992004.5	16857.4496380117
kmer768	intactk_noN	NA	169	299	0.277	0.723	0.515	0.485	84	219	85	80	3083472	55332.5551871579	992002	22884.1710376128	3062505	9128.92215550601	992004.5	16857.4496380117
kmer82	intactk_noN	NA	169	299	0.277	0.723	0.515	0.485	84	219	85	80	3083573	55332.5551871579	991901	22884.1710376128	3062606	9128.92215550601	991903.5	16857.4496380117
kmer83	intactk_noN	NA	169	299	0.277	0.723	0.515	0.485	84	219	85	80	3083573	55332.5551871579	991901	22884.1710376128	3062606	9128.92215550601	991903.5	16857.4496380117
kmer893	intactk_noN	NA	169	299	0.277	0.723	0.515	0.485	84	219	85	80	3083541	55332.5551871579	991933	22884.1710376128	3062574	9128.92215550601	991935.5	16857.4496380117
kmer894	intactk_noN	NA	169	299	0.277	0.723	0.515	0.485	84	219	85	80	3083541	55332.5551871579	991933	22884.1710376128	3062574	9128.92215550601	991935.5	16857.4496380117
kmer960	intactk_noN	NA	169	299	0.277	0.723	0.515	0.485	84	219	85	80	3083538	55332.5551871579	991936	22884.1710376128	3062571	9128.92215550601	991938.5	16857.4496380117
